# bin; size 13 size: 33 size: 82 size: 160 size: 320 size: 10000 total
bin size13 size33 size82 size160 size320 size10000 total
-90  0  12  47  75  87  57  278
-85  44  187  395  519  555  396  2096
-80  163  472  618  770  775  676  3474
-75  372  641  693  738  763  681  3888
-70  627  728  711  752  751  700  4269
-65  712  718  800  818  776  737  4561
-60  821  757  792  788  779  751  4688
-55  895  813  867  773  825  775  4948
-50  877  777  834  839  799  776  4902
-45  896  831  918  781  838  844  5108
-40  984  864  825  846  822  822  5163
-35  1016  818  880  850  866  811  5241
-30  1040  861  871  838  819  845  5274
-25  1155  888  814  845  840  843  5385
-20  1194  968  924  841  881  874  5682
-15  1158  953  917  846  836  882  5592
-10  1305  937  953  819  785  891  5690
-5  1281  965  956  855  840  900  5797
0  1268  961  930  826  807  870  5662
5  1273  936  933  847  824  880  5693
10  1235  906  876  819  864  856  5556
15  1158  873  931  880  806  897  5545
20  1100  905  891  792  798  865  5351
25  962  845  838  830  835  868  5178
30  919  899  796  790  811  830  5045
35  826  830  842  792  829  878  4997
40  797  785  771  816  770  796  4735
45  851  787  792  773  804  797  4804
50  789  769  696  772  792  815  4633
55  719  704  744  771  758  800  4496
60  651  714  690  751  745  753  4304
65  506  657  664  773  752  751  4103
70  335  623  618  690  695  741  3702
75  189  469  627  690  823  722  3520
80  43  200  391  511  555  407  2107
85  2  11  43  64  72  53  245
