# bin; size 7 size: 13 size: 21 size: 33 size: 53 size: 82 size: 117 size: 160 size: 220 size: 320 size: 520 size: 10000 total
bin size7 size13 size21 size33 size53 size82 size117 size160 size220 size320 size520 size10000 total
-85  9  35  78  109  186  209  223  296  263  292  263  133  2096
-80  33  130  215  257  301  317  392  378  381  394  378  298  3474
-75  118  254  312  329  337  356  378  360  381  382  352  329  3888
-70  220  407  368  360  368  343  382  370  400  351  360  340  4269
-65  289  423  371  347  390  410  439  379  371  405  357  380  4561
-60  335  486  402  355  386  406  395  393  368  411  359  392  4688
-55  414  481  395  418  426  441  388  385  409  416  379  396  4948
-50  434  443  381  396  430  404  456  383  381  418  379  397  4902
-45  439  457  442  389  448  470  411  370  392  446  421  423  5108
-40  523  461  432  432  409  416  414  432  440  382  414  408  5163
-35  493  523  428  390  455  425  446  404  430  436  392  419  5241
-30  538  502  426  435  414  457  405  433  419  400  422  423  5274
-25  610  545  465  423  396  418  432  413  389  451  395  448  5385
-20  666  528  520  448  488  436  438  403  465  416  418  456  5682
-15  664  494  516  437  452  465  414  432  409  427  414  468  5592
-10  747  558  499  438  457  496  426  393  383  402  438  453  5690
-5  692  589  489  476  502  454  441  414  400  440  435  465  5797
0  720  548  505  456  465  465  437  389  396  411  422  448  5662
5  714  559  490  446  487  446  435  412  411  413  431  449  5693
10  681  554  455  451  422  454  403  416  409  455  405  451  5556
15  629  529  444  429  454  477  450  430  410  396  423  474  5545
20  599  501  470  435  438  453  405  387  393  405  439  426  5351
25  504  458  460  385  429  409  386  444  428  407  400  468  5178
30  465  454  470  429  407  389  416  374  408  403  413  417  5045
35  420  406  414  416  435  407  414  378  420  409  428  450  4997
40  390  407  417  368  392  379  417  399  389  381  374  422  4735
45  421  430  404  383  404  388  382  391  409  395  427  370  4804
50  373  416  383  386  327  369  384  388  397  395  382  433  4633
55  282  437  345  359  367  377  368  403  368  390  414  386  4496
60  254  397  370  344  352  338  362  389  389  356  382  371  4304
65  200  306  332  325  315  349  353  420  376  376  387  364  4103
70  111  224  320  303  302  316  330  360  338  357  376  365  3702
75  34  155  228  241  284  343  350  340  422  401  394  328  3520
80  12  31  80  120  155  236  240  271  294  261  258  149  2107
85  0  2  4  7  15  28  30  34  34  38  34  19  245
