# bin; size 4 size: 5 size: 8 size: 13 size: 30 size: 10000 total
bin size4 size5 size8 size13 size30 size10000 total
-85  13  2  1  4  1  0  21
-80  117  40  72  72  81  46  428
-75  138  54  89  100  127  101  609
-70  168  60  118  104  133  102  685
-65  202  55  118  124  137  112  748
-60  197  79  119  121  137  129  782
-55  210  90  127  128  138  142  835
-50  218  73  139  132  153  142  857
-45  217  69  150  156  145  138  875
-40  259  61  149  151  159  146  925
-35  257  77  155  149  151  130  919
-30  243  94  152  142  178  156  965
-25  262  89  132  162  156  151  952
-20  244  71  176  140  172  171  974
-15  252  78  178  158  164  164  994
-10  222  97  196  141  172  170  998
-5  243  96  193  135  157  165  989
0  266  85  197  138  169  163  1018
5  261  97  181  135  159  145  978
10  274  80  173  143  142  158  970
15  294  78  178  130  131  151  962
20  249  105  169  127  132  151  933
25  249  82  153  131  128  136  879
30  266  95  180  125  117  148  931
35  268  74  180  104  122  145  893
40  250  90  182  85  146  141  894
45  264  73  166  75  142  141  861
50  240  77  158  107  133  136  851
55  246  66  126  80  136  118  772
60  228  58  124  103  136  116  765
65  205  73  121  78  140  106  723
70  164  57  92  92  135  86  626
75  132  44  75  66  86  26  429
80  8  3  3  2  1  0  17
