# bin; size 17 size: 40 size: 92 size: 176 size: 344 size: 10000 total
bin size17 size40 size92 size176 size344 size10000 total
-85  9  20  66  130  146  114  485
-80  27  68  149  212  197  174  827
-75  45  116  201  217  255  238  1072
-70  98  158  208  236  268  250  1218
-65  140  182  240  242  263  251  1318
-60  175  193  196  274  248  270  1356
-55  180  199  252  229  227  245  1332
-50  242  207  249  280  278  262  1518
-45  205  216  237  246  265  274  1443
-40  232  234  258  227  260  250  1461
-35  237  257  249  262  260  281  1546
-30  257  225  251  248  239  264  1484
-25  293  241  258  262  254  276  1584
-20  250  262  272  246  246  277  1553
-15  254  262  254  264  260  246  1540
-10  316  273  284  277  246  273  1669
-5  345  249  282  265  235  254  1630
0  332  261  269  261  251  295  1669
5  359  279  274  250  251  284  1697
10  285  267  257  233  234  262  1538
15  316  288  254  283  258  263  1662
20  300  241  280  238  246  297  1602
25  285  234  270  241  233  259  1522
30  265  249  246  260  241  290  1551
35  247  214  254  252  248  257  1472
40  247  236  244  243  269  254  1493
45  209  230  253  231  238  267  1428
50  223  190  232  247  212  270  1374
55  190  193  228  250  253  253  1367
60  165  185  210  244  261  249  1314
65  137  166  204  224  247  231  1209
70  99  141  187  215  242  268  1152
75  65  111  171  229  204  195  975
80  35  88  120  157  175  146  721
85  16  39  74  99  107  92  427
